0	-20.0000000000	5.0000000000	-19.5750000000	30.0000000000
1	-19.5750000000	30.0000000000	-19.5750000000	-55.0000000000
2	-19.5750000000	-55.0000000000	-19.4585000000	-48.6250000000
3	-19.4585000000	-48.6250000000	-19.3124550000	-36.9158750000
4	-19.3124550000	-36.9158750000	-19.1107852750	-6.8715219194
5	-19.1107852750	-6.8715219194	-18.7629271791	30.0000000000
6	-18.7629271791	30.0000000000	-18.7629271791	-55.0000000000
7	-18.7629271791	-55.0000000000	-18.6626686355	-49.4370728209
8	-18.6626686355	-49.4370728209	-18.5366006269	-39.3988015259
9	-18.5366006269	-39.3988015259	-18.3628626220	-14.9655860615
10	-18.3628626220	-14.9655860615	-18.0704332999	30.0000000000
11	-18.0704332999	30.0000000000	-18.0704332999	-55.0000000000
12	-18.0704332999	-55.0000000000	-17.9840246339	-50.1295667001
13	-17.9840246339	-50.1295667001	-17.8749919747	-41.4744372652
14	-17.8749919747	-41.4744372652	-17.7248643215	-21.3664737579
15	-17.7248643215	-21.3664737579	-17.4771994039	30.0000000000
16	-17.4771994039	30.0000000000	-17.4771994039	-55.0000000000
17	-17.4771994039	-55.0000000000	-17.4026554158	-50.7228005961
18	-17.4026554158	-50.7228005961	-17.3082163105	-43.2220481484
19	-17.3082163105	-43.2220481484	-17.1781622250	-26.4982547341
20	-17.1781622250	-26.4982547341	-16.9670902542	27.0749339785
21	-16.9670902542	27.0749339785	-16.4923737792	30.0000000000
22	-16.4923737792	30.0000000000	-16.4923737792	-55.0000000000
23	-16.4923737792	-55.0000000000	-16.4375263036	-51.7076262208
24	-16.4375263036	-51.7076262208	-16.3673139086	-46.0610866456
25	-16.3673139086	-46.0610866456	-16.2702730637	-34.3342578460
26	-16.2702730637	-34.3342578460	-16.1165388917	-1.7816235388
27	-16.1165388917	-1.7816235388	-15.8031162315	30.0000000000
28	-15.8031162315	30.0000000000	-15.8031162315	-55.0000000000
29	-15.8031162315	-55.0000000000	-15.7620539069	-52.3968837685
30	-15.7620539069	-52.3968837685	-15.7087972476	-48.0019115581
31	-15.7087972476	-48.0019115581	-15.6346308604	-39.3353315717
32	-15.6346308604	-39.3353315717	-15.5186149011	-17.6866261756
33	-15.5186149011	-17.6866261756	-15.2966757339	30.0000000000
34	-15.2966757339	30.0000000000	-15.2966757339	-55.0000000000
35	-15.2966757339	-55.0000000000	-15.2657422193	-52.9033242661
36	-15.2657422193	-52.9033242661	-15.2249439962	-49.4037346411
37	-15.2249439962	-49.4037346411	-15.1674637895	-42.7683039909
38	-15.1674637895	-42.7683039909	-15.0779560337	-27.4772471056
39	-15.0779560337	-27.4772471056	-14.9137831485	21.2144377403
40	-14.9137831485	21.2144377403	-14.5094352968	30.0000000000
41	-14.5094352968	30.0000000000	-14.5094352968	-55.0000000000
42	-14.5094352968	-55.0000000000	-14.4942465909	-53.6905647032
43	-14.4942465909	-53.6905647032	-14.4728144826	-51.5420721023
44	-14.4728144826	-51.5420721023	-14.4410685535	-47.7162102673
45	-14.4410685535	-47.7162102673	-14.3908282337	-39.9827241594
46	-14.3908282337	-39.9827241594	-14.3029252898	-20.7607874743
47	-14.3029252898	-20.7607874743	-14.1206707214	30.0000000000
48	-14.1206707214	30.0000000000	-14.1206707214	-55.0000000000
49	-14.1206707214	-55.0000000000	-14.1132573070	-54.0793292786
50	-14.1132573070	-54.0793292786	-14.1013888072	-52.5797641556
51	-14.1013888072	-52.5797641556	-14.0822598519	-49.9919321801
52	-14.0822598519	-49.9919321801	-14.0505743157	-45.1016019047
53	-14.0505743157	-45.1016019047	-13.9950708389	-34.3928573378
54	-13.9950708389	-34.3928573378	-13.8871337089	-4.2473277534
55	-13.8871337089	-4.2473277534	-13.6306276734	30.0000000000
56	-13.6306276734	30.0000000000	-13.6306276734	-55.0000000000
57	-13.6306276734	-55.0000000000	-13.6330151200	-54.5693723266
58	-13.6330151200	-54.5693723266	-13.6332016792	-53.8705629948
59	-13.6332016792	-53.8705629948	-13.6298904606	-52.7086739945
60	-13.6298904606	-52.7086739945	-13.6208360214	-50.6939809360
61	-13.6208360214	-50.6939809360	-13.6018892056	-46.9478614691
62	-13.6018892056	-46.9478614691	-13.5645907288	-39.1212117481
63	-13.5645907288	-39.1212117481	-13.4889049730	-19.1439114143
64	-13.4889049730	-19.1439114143	-13.3148464306	30.0000000000
65	-13.3148464306	30.0000000000	-13.3148464306	-55.0000000000
66	-13.3148464306	-55.0000000000	-13.3235495020	-54.8851535694
67	-13.3235495020	-54.8851535694	-13.3315042798	-54.6921686209
68	-13.3315042798	-54.6921686209	-13.3383350373	-54.3721751073
69	-13.3383350373	-54.3721751073	-13.3434292121	-53.8413785705
70	-13.3434292121	-53.8413785705	-13.3457675207	-52.9490803560
71	-13.3457675207	-52.9490803560	-13.3435975721	-51.4045101934
72	-13.3435975721	-51.4045101934	-13.3337481716	-48.5865168594
73	-13.3337481716	-48.5865168594	-13.3100057925	-42.9593681636
74	-13.3100057925	-42.9593681636	-13.2586025174	-29.8259106686
75	-13.2586025174	-29.8259106686	-13.1425600204	10.6865363943
76	-13.1425600204	10.6865363943	-12.8262761381	30.0000000000
77	-12.8262761381	30.0000000000	-12.8262761381	-55.0000000000
78	-12.8262761381	-55.0000000000	-12.8447506153	-55.3737238619
79	-12.8447506153	-55.3737238619	-12.8647242223	-55.9476207828
80	-12.8647242223	-55.9476207828	-12.8871678418	-56.8155496243
81	-12.8871678418	-56.8155496243	-12.9135022331	-58.0858627395
82	-12.9135022331	-58.0858627395	-12.9456615021	-59.8429761963
83	-12.9456615021	-59.8429761963	-12.9859631530	-62.0649236744
84	-12.9859631530	-62.0649236744	-13.0365685083	-64.5213888650
85	-13.0365685083	-64.5213888650	-13.0984440825	-66.7713798389
86	-13.0984440825	-66.7713798389	-13.1703321000	-68.3931483273
87	-13.1703321000	-68.3931483273	-13.2488911997	-69.2836483389
88	-13.2488911997	-69.2836483389	-13.3303316174	-69.6440417478
89	-13.3303316174	-69.6440417478	-13.4119451938	-69.7222168306
90	-13.4119451938	-69.7222168306	-13.4923173741	-69.6738549989
91	-13.4923173741	-69.6738549989	-13.5708403016	-69.5729698030
92	-13.5708403016	-69.5729698030	-13.6472883446	-69.4510534281
93	-13.6472883446	-69.4510534281	-13.7215978448	-69.3210793331
94	-13.7215978448	-69.3210793331	-13.7937712846	-69.1883965576
95	-13.7937712846	-69.1883965576	-13.8638378417	-69.0552393325
96	-13.8638378417	-69.0552393325	-13.9318372815	-68.9225549826
97	-13.9318372815	-68.9225549826	-13.9978133108	-68.7907492009
98	-13.9978133108	-68.7907492009	-14.0618107906	-68.6599948698
99	-14.0618107906	-68.6599948698	-14.1238745491	-68.5303626074
100	-14.1238745491	-68.5303626074	-14.1840488712	-68.4018771312
101	-14.1840488712	-68.4018771312	-14.2423772794	-68.2745421132
102	-14.2423772794	-68.2745421132	-14.2989024444	-68.1483513691
103	-14.2989024444	-68.1483513691	-14.3536661523	-68.0232939972
104	-14.3536661523	-68.0232939972	-14.4067092993	-67.8993567817
105	-14.4067092993	-67.8993567817	-14.4580718972	-67.7765253362
106	-14.4580718972	-67.7765253362	-14.5077930859	-67.6547846541
107	-14.5077930859	-67.6547846541	-14.5559111475	-67.5341193749
108	-14.5559111475	-67.5341193749	-14.6024635214	-67.4145139122
109	-14.6024635214	-67.4145139122	-14.6474868205	-67.2959525111
110	-14.6474868205	-67.2959525111	-14.6910168467	-67.1784192710
111	-14.6910168467	-67.1784192710	-14.7330886061	-67.0618981493
112	-14.7330886061	-67.0618981493	-14.7737363247	-66.9463729542
113	-14.7737363247	-66.9463729542	-14.8129934630	-66.8318273316
114	-14.8129934630	-66.8318273316	-14.8508927304	-66.7182447473
115	-14.8508927304	-66.7182447473	-14.8874660995	-66.6056084670
116	-14.8874660995	-66.6056084670	-14.9227448199	-66.4939015321
117	-14.9227448199	-66.4939015321	-14.9567594311	-66.3831067343
118	-14.9567594311	-66.3831067343	-14.9895397762	-66.2732065868
119	-14.9895397762	-66.2732065868	-15.0211150136	-66.1641832927
120	-15.0211150136	-66.1641832927	-15.0515136298	-66.0560187110
121	-15.0515136298	-66.0560187110	-15.0807634507	-65.9486943183
122	-15.0807634507	-65.9486943183	-15.1088916533	-65.8421911675
123	-15.1088916533	-65.8421911675	-15.1359247761	-65.7364898422
124	-15.1359247761	-65.7364898422	-15.1618887298	-65.6315704061
125	-15.1618887298	-65.6315704061	-15.1868088072	-65.5274123480
126	-15.1868088072	-65.5274123480	-15.2107096928	-65.4239945198
127	-15.2107096928	-65.4239945198	-15.2336154716	-65.3212950689
128	-15.2336154716	-65.3212950689	-15.2555496375	-65.2192913627
129	-15.2555496375	-65.2192913627	-15.2765351015	-65.1179599046
130	-15.2765351015	-65.1179599046	-15.2965941990	-65.0172762406
131	-15.2965941990	-65.0172762406	-15.3157486963	-64.9172148547
132	-15.3157486963	-64.9172148547	-15.3340197966	-64.8177490523
133	-15.3340197966	-64.8177490523	-15.3514281459	-64.7188508289
134	-15.3514281459	-64.7188508289	-15.3679938372	-64.6204907230
135	-15.3679938372	-64.6204907230	-15.3837364140	-64.5226376496
136	-15.3837364140	-64.5226376496	-15.3986748740	-64.4252587131
137	-15.3986748740	-64.4252587131	-15.4128276701	-64.3283189946
138	-15.4128276701	-64.3283189946	-15.4262127117	-64.2317813107
139	-15.4262127117	-64.2317813107	-15.4388473640	-64.1356059387
140	-15.4388473640	-64.1356059387	-15.4507484464	-64.0397503033
141	-15.4507484464	-64.0397503033	-15.4619322290	-63.9441686170
142	-15.4619322290	-63.9441686170	-15.4724144275	-63.8488114683
143	-15.4724144275	-63.8488114683	-15.4822101963	-63.7536253457
144	-15.4822101963	-63.7536253457	-15.4913341191	-63.6585520891
145	-15.4913341191	-63.6585520891	-15.4998001971	-63.5635282523
146	-15.4998001971	-63.5635282523	-15.5076218345	-63.4684843615
147	-15.5076218345	-63.4684843615	-15.5148118196	-63.3733440487
148	-15.5148118196	-63.3733440487	-15.5213823034	-63.2780230360
149	-15.5213823034	-63.2780230360	-15.5273447725	-63.1824279388
150	-15.5273447725	-63.1824279388	-15.5327100168	-63.0864548506
151	-15.5327100168	-63.0864548506	-15.5374880907	-62.9899876621
152	-15.5374880907	-62.9899876621	-15.5416882672	-62.8928960551
153	-15.5416882672	-62.8928960551	-15.5453189821	-62.7950330955
154	-15.5453189821	-62.7950330955	-15.5483877680	-62.6962323322
155	-15.5483877680	-62.6962323322	-15.5509011743	-62.5963042792
156	-15.5509011743	-62.5963042792	-15.5528646722	-62.4950321243
157	-15.5528646722	-62.4950321243	-15.5542825394	-62.3921664650
158	-15.5542825394	-62.3921664650	-15.5551577209	-62.2874188028
159	-15.5551577209	-62.2874188028	-15.5554916605	-62.1804534512
160	-15.5554916605	-62.1804534512	-15.5552840945	-62.0708773909
161	-15.5552840945	-62.0708773909	-15.5545327996	-61.9582274478
162	-15.5545327996	-61.9582274478	-15.5532332808	-61.8419539483
163	-15.5532332808	-61.8419539483	-15.5513783850	-61.7213996832
164	-15.5513783850	-61.7213996832	-15.5489578157	-61.5957725601
165	-15.5489578157	-61.5957725601	-15.5459575222	-61.4641096539
166	-15.5459575222	-61.4641096539	-15.5423589200	-61.3252293793
167	-15.5423589200	-61.3252293793	-15.5381378885	-61.1776670189
168	-15.5381378885	-61.1776670189	-15.5332634658	-61.0195865499
169	-15.5332634658	-61.0195865499	-15.5276961293	-60.8486581247
170	-15.5276961293	-60.8486581247	-15.5213854973	-60.6618847959
171	-15.5213854973	-60.6618847959	-15.5142672113	-60.4553525985
172	-15.5142672113	-60.4553525985	-15.5062586301	-60.2238620673
173	-15.5062586301	-60.2238620673	-15.4972527678	-59.9603712817
174	-15.4972527678	-59.9603712817	-15.4871095689	-59.6551299527
175	-15.4871095689	-59.6551299527	-15.4756430273	-59.2942889604
176	-15.4756430273	-59.2942889604	-15.4626016115	-58.8575826024
177	-15.4626016115	-58.8575826024	-15.4476374923	-58.3142928110
178	-15.4476374923	-58.3142928110	-15.4302562065	-57.6158495318
179	-15.4302562065	-57.6158495318	-15.4097303300	-56.6813962934
180	-15.4097303300	-56.6813962934	-15.3849427049	-55.3674199996
181	-15.3849427049	-55.3674199996	-15.3540809508	-53.3975293962
182	-15.3540809508	-53.3975293962	-15.3139869788	-50.1792496017
183	-15.3139869788	-50.1792496017	-15.2586034872	-44.2432270078
184	-15.2586034872	-44.2432270078	-15.1746475525	-31.1022331170
185	-15.1746475525	-31.1022331170	-15.0266657670	8.0552050452
186	-15.0266657670	8.0552050452	-14.6858564265	30.0000000000
187	-14.6858564265	30.0000000000	-14.6858564265	-55.0000000000
188	-14.6858564265	-55.0000000000	-14.6671392979	-53.5141435735
189	-14.6671392979	-53.5141435735	-14.6413672298	-51.0671796469
190	-14.6413672298	-51.0671796469	-14.6038757835	-46.6474371680
191	-14.6038757835	-46.6474371680	-14.5450354537	-37.4414114509
192	-14.5450354537	-37.4414114509	-14.4413418018	-13.2290615943
193	-14.4413418018	-13.2290615943	-14.2186602738	30.0000000000
194	-14.2186602738	30.0000000000	-14.2186602738	-55.0000000000
195	-14.2186602738	-55.0000000000	-14.2092870683	-53.9813397262
196	-14.2092870683	-53.9813397262	-14.1950080256	-52.3193497435
197	-14.1950080256	-52.3193497435	-14.1727046138	-49.4285161322
198	-14.1727046138	-49.4285161322	-14.1363931022	-43.8712638982
199	-14.1363931022	-43.8712638982	-14.0730215596	-31.3036784460
200	-14.0730215596	-31.3036784460	-13.9480795206	6.2477622535
201	-13.9480795206	6.2477622535	-13.6378791190	30.0000000000
202	-13.6378791190	30.0000000000	-13.6378791190	-55.0000000000
203	-13.6378791190	-55.0000000000	-13.6401215366	-54.5621208810
204	-13.6401215366	-54.5621208810	-13.6401297103	-53.8516023482
205	-13.6401297103	-53.8516023482	-13.6365851278	-52.6696813602
206	-13.6365851278	-52.6696813602	-13.6272018320	-50.6176896499
207	-13.6272018320	-50.6176896499	-13.6077462436	-46.7929158477
208	-13.6077462436	-46.7929158477	-13.5695558980	-38.7666699014
209	-13.5695558980	-38.7666699014	-13.4919981296	-18.1162757006
210	-13.4919981296	-18.1162757006	-13.3127395455	30.0000000000
211	-13.3127395455	30.0000000000	-13.3127395455	-55.0000000000
212	-13.3127395455	-55.0000000000	-13.3214847546	-54.8872604545
213	-13.3214847546	-54.8872604545	-13.3294913617	-54.6976235645
214	-13.3294913617	-54.6976235645	-13.3363896523	-54.3830490811
215	-13.3363896523	-54.3830490811	-13.3415771047	-53.8612637400
216	-13.3415771047	-53.8612637400	-13.3440518813	-52.9845760685
217	-13.3440518813	-52.9845760685	-13.3420937240	-51.4687924833
218	-13.3420937240	-51.4687924833	-13.3325958119	-48.7091971883
219	-13.3325958119	-48.7091971883	-13.3094898816	-43.2191516887
220	-13.3094898816	-43.2191516887	-13.2593958425	-30.4896173430
221	-13.2593958425	-30.4896173430	-13.1466560123	8.3063624135
222	-13.1466560123	8.3063624135	-12.8421910800	30.0000000000
223	-12.8421910800	30.0000000000	-12.8421910800	-55.0000000000
224	-12.8421910800	-55.0000000000	-12.8603472584	-55.3578089200
225	-12.8603472584	-55.3578089200	-12.8799293578	-55.9070259246
226	-12.8799293578	-55.9070259246	-12.9018659003	-56.7384042805
227	-12.9018659003	-56.7384042805	-12.9275206037	-57.9586989708
228	-12.9275206037	-57.9586989708	-12.9587636865	-59.6562417655
229	-12.9587636865	-59.6562417655	-12.9978696216	-61.8239996432
230	-12.9978696216	-61.8239996432	-13.0470322274	-64.2578509623
231	-13.0470322274	-64.2578509623	-13.1073808376	-66.5372171347
232	-13.1073808376	-66.5372171347	-13.1779193066	-68.2278714094
233	-13.1779193066	-68.2278714094	-13.2555002775	-69.1876116675
234	-13.2555002775	-69.1876116675	-13.3363283303	-69.5931453974
235	-13.3363283303	-69.5931453974	-13.4175674906	-69.6943086020
236	-13.4175674906	-69.6943086020	-13.4976876838	-69.6564180609
237	-13.4976876838	-69.6564180609	-13.5760160205	-69.5601575986
238	-13.5760160205	-69.5601575986	-13.6522964880	-69.4403085654
239	-13.6522964880	-69.4403085654	-13.7264521011	-69.3112967581
240	-13.7264521011	-69.3112967581	-13.7984795429	-69.1790941159
241	-13.7984795429	-69.1790941159	-13.8684054226	-69.0462026447
242	-13.8684054226	-69.0462026447	-13.9362683274	-68.9136864595
243	-13.9362683274	-68.9136864595	-14.0021113931	-68.7820031721
244	-14.0021113931	-68.7820031721	-14.0659791811	-68.6513492248
245	-14.0659791811	-68.6513492248	-14.1279163436	-68.5218061523
246	-14.1279163436	-68.5218061523	-14.1879670475	-68.3934038352
247	-14.1879670475	-68.3934038352	-14.2461747257	-68.2661484371
248	-14.2461747257	-68.2661484371	-14.3025819734	-68.1400349994
249	-14.3025819734	-68.1400349994	-14.3572305089	-68.0150532342
250	-14.3572305089	-68.0150532342	-14.4101611649	-67.8911902382
251	-14.4101611649	-67.8911902382	-14.4614138928	-67.7684317859
252	-14.4614138928	-67.7684317859	-14.5110277739	-67.6467629538
253	-14.5110277739	-67.6467629538	-14.5590410332	-67.5261684238
254	-14.5590410332	-67.5261684238	-14.6054910546	-67.4066326296
255	-14.6054910546	-67.4066326296	-14.6504143967	-67.2881398245
256	-14.6504143967	-67.2881398245	-14.6938468079	-67.1706741086
257	-14.6938468079	-67.1706741086	-14.7358232423	-67.0542194356
258	-14.7358232423	-67.0542194356	-14.7763778746	-66.9387596066
259	-14.7763778746	-66.9387596066	-14.8155441151	-66.8242782582
260	-14.8155441151	-66.8242782582	-14.8533546241	-66.7107588449
261	-14.8533546241	-66.7107588449	-14.8898413259	-66.5981846188
262	-14.8898413259	-66.5981846188	-14.9250354225	-66.4865386061
263	-14.9250354225	-66.4865386061	-14.9589674070	-66.3758035813
264	-14.9589674070	-66.3758035813	-14.9916670768	-66.2659620383
265	-14.9916670768	-66.2659620383	-15.0231635455	-66.1569961585
266	-15.0231635455	-66.1569961585	-15.0534852553	-66.0488877769
267	-15.0534852553	-66.0488877769	-15.0826599891	-65.9416183435
268	-15.0826599891	-65.9416183435	-15.1107148811	-65.8351688815
269	-15.1107148811	-65.8351688815	-15.1376764278	-65.7295199417
270	-15.1376764278	-65.7295199417	-15.1635704990	-65.6246515517
271	-15.1635704990	-65.6246515517	-15.1884223468	-65.5205431599
272	-15.1884223468	-65.5205431599	-15.2122566156	-65.4171735739
273	-15.2122566156	-65.4171735739	-15.2350973512	-65.3145208919
274	-15.2350973512	-65.3145208919	-15.2569680086	-65.2125624267
275	-15.2569680086	-65.2125624267	-15.2778914606	-65.1112746213
276	-15.2778914606	-65.1112746213	-15.2978900045	-65.0106329548
277	-15.2978900045	-65.0106329548	-15.3169853692	-64.9106118370
278	-15.3169853692	-64.9106118370	-15.3351987210	-64.8111844907
279	-15.3351987210	-64.8111844907	-15.3525506690	-64.7123228197
280	-15.3525506690	-64.7123228197	-15.3690612697	-64.6139972604
281	-15.3690612697	-64.6139972604	-15.3847500306	-64.5161766140
282	-15.3847500306	-64.5161766140	-15.3996359131	-64.4188278578
283	-15.3996359131	-64.4188278578	-15.4137373341	-64.3219159308
284	-15.4137373341	-64.3219159308	-15.4270721671	-64.2254034903
285	-15.4270721671	-64.2254034903	-15.4396577412	-64.1292506351
286	-15.4396577412	-64.1292506351	-15.4515108395	-64.0334145886
287	-15.4515108395	-64.0334145886	-15.4626476957	-63.9378493370
288	-15.4626476957	-63.9378493370	-15.4730839885	-63.8425052127
289	-15.4730839885	-63.8425052127	-15.4828348348	-63.7473284144
290	-15.4828348348	-63.7473284144	-15.4919147801	-63.6522604527
291	-15.4919147801	-63.6522604527	-15.5003377868	-63.5572375065
292	-15.5003377868	-63.5572375065	-15.5081172186	-63.4621896739
293	-15.5081172186	-63.4621896739	-15.5152658226	-63.3670400966
294	-15.5152658226	-63.3670400966	-15.5217957066	-63.2717039328
295	-15.5217957066	-63.2717039328	-15.5277183122	-63.1760871478
296	-15.5277183122	-63.1760871478	-15.5330443817	-63.0800850824
297	-15.5330443817	-63.0800850824	-15.5377839194	-62.9835807526
298	-15.5377839194	-62.9835807526	-15.5419461448	-62.8864428194
299	-15.5419461448	-62.8864428194	-15.5455394360	-62.7885231525
300	-15.5455394360	-62.7885231525	-15.5485712630	-62.6896538921
301	-15.5485712630	-62.6896538921	-15.5510481072	-62.5896438851
302	-15.5510481072	-62.5896438851	-15.5529753645	-62.4882743368
303	-15.5529753645	-62.4882743368	-15.5543572289	-62.3852934727
304	-15.5543572289	-62.3852934727	-15.5551965517	-62.2804099402
305	-15.5551965517	-62.2804099402	-15.5554946704	-62.1732845968
306	-15.5554946704	-62.1732845968	-15.5552512000	-62.0635202082
307	-15.5552512000	-62.0635202082	-15.5544637770	-61.9506484239
308	-15.5544637770	-61.9506484239	-15.5531277436	-61.8341131607
309	-15.5531277436	-61.8341131607	-15.5512357545	-61.7132492059
310	-15.5512357545	-61.7132492059	-15.5487772854	-61.5872543789
311	-15.5487772854	-61.5872543789	-15.5457380116	-61.4551529107
312	-15.5457380116	-61.4551529107	-15.5420990159	-61.3157466814
313	-15.5420990159	-61.3157466814	-15.5378357690	-61.1675494286
314	-15.5378357690	-61.1675494286	-15.5329168008	-61.0086966785
315	-15.5329168008	-61.0086966785	-15.5273019482	-60.8368204539
316	-15.5273019482	-60.8368204539	-15.5209400115	-60.6488718576
317	-15.5209400115	-60.6488718576	-15.5137655705	-60.4408648301
318	-15.5137655705	-60.4408648301	-15.5056945833	-60.2074977537
319	-15.5056945833	-60.2074977537	-15.4966181804	-59.9415805084
320	-15.4966181804	-59.9415805084	-15.4863937193	-59.6331419162
321	-15.4863937193	-59.6331419162	-15.4748315545	-59.2679931860
322	-15.4748315545	-59.2679931860	-15.4616748894	-58.8253269097
323	-15.4616748894	-58.8253269097	-15.4465680261	-58.2735231275
324	-15.4465680261	-58.2735231275	-15.4290042812	-57.5624308312
325	-15.4290042812	-57.5624308312	-15.4082363498	-56.6082429781
326	-15.4082363498	-56.6082429781	-15.3831128377	-55.2614945962
327	-15.3831128377	-55.2614945962	-15.3517580539	-53.2325433393
328	-15.3517580539	-53.2325433393	-15.3108856095	-49.8953551671
329	-15.3108856095	-49.8953551671	-15.2541446731	-43.6793867030
330	-15.2541446731	-43.6793867030	-15.1674587132	-29.7066226348
331	-15.1674587132	-29.7066226348	-15.0126426521	13.0270600389
332	-15.0126426521	13.0270600389	-14.6472544989	30.0000000000
333	-14.6472544989	30.0000000000	-14.6472544989	-55.0000000000
334	-14.6472544989	-55.0000000000	-14.6293094089	-53.5527455011
335	-14.6293094089	-53.5527455011	-14.6044869482	-51.1713015695
336	-14.6044869482	-51.1713015695	-14.5682537171	-46.8832382962
337	-14.5682537171	-46.8832382962	-14.5113048342	-38.0096547345
338	-14.5113048342	-38.0096547345	-14.4111270112	-14.9572694512
339	-14.4111270112	-14.9572694512	-14.1976908183	30.0000000000
340	-14.1976908183	30.0000000000	-14.1976908183	-55.0000000000
341	-14.1976908183	-55.0000000000	-14.1887370019	-54.0023091817
342	-14.1887370019	-54.0023091817	-14.1749738078	-52.3751422101
343	-14.1749738078	-52.3751422101	-14.1533500427	-49.5496585917
344	-14.1533500427	-49.5496585917	-14.1180313348	-44.1378548455
345	-14.1180313348	-44.1378548455	-14.0563599823	-31.9830885237
346	-14.0563599823	-31.9830885237	-13.9351482253	3.8745469009
347	-13.9351482253	3.8745469009	-13.6370725263	30.0000000000
348	-13.6370725263	30.0000000000	-13.6370725263	-55.0000000000
349	-13.6370725263	-55.0000000000	-13.6393310757	-54.5629274737
350	-13.6393310757	-54.5629274737	-13.6393590916	-53.8537115865
351	-13.6393590916	-53.8537115865	-13.6358404677	-52.6740203617
352	-13.6358404677	-52.6740203617	-13.6264937601	-50.6261848600
353	-13.6264937601	-50.6261848600	-13.6070948092	-46.8101916607
354	-13.6070948092	-46.8101916607	-13.5690038714	-38.8062934225
355	-13.5690038714	-38.8062934225	-13.4916552610	-18.2316202958
356	-13.4916552610	-18.2316202958	-13.3129802573	30.0000000000
357	-13.3129802573	30.0000000000	-13.3129802573	-55.0000000000
358	-13.3129802573	-55.0000000000	-13.3217206522	-54.8870197427
359	-13.3217206522	-54.8870197427	-13.3297213378	-54.6970003546
360	-13.3297213378	-54.6970003546	-13.3366119128	-54.3818068781
361	-13.3366119128	-54.3818068781	-13.3417887090	-53.8589925827
362	-13.3417887090	-53.8589925827	-13.3442478977	-52.9805235063
363	-13.3442478977	-52.9805235063	-13.3422655573	-51.4614583001
364	-13.3422655573	-51.4614583001	-13.3327275376	-48.6952166284
365	-13.3327275376	-48.6952166284	-13.3095490700	-43.1896073332
366	-13.3095490700	-43.1896073332	-13.2593061253	-30.4144076653
367	-13.2593061253	-30.4144076653	-13.1461920411	8.5743078788
368	-13.1461920411	8.5743078788	-12.8403966609	30.0000000000
369	-12.8403966609	30.0000000000	-12.8403966609	-55.0000000000
370	-12.8403966609	-55.0000000000	-12.8585887277	-55.3596033391
371	-12.8585887277	-55.3596033391	-12.8782149698	-55.9116040324
372	-12.8782149698	-55.9116040324	-12.9002086906	-56.7471106055
373	-12.9002086906	-56.7471106055	-12.9259400698	-57.9730724596
374	-12.9259400698	-57.9730724596	-12.9572866307	-59.6774094715
375	-12.9572866307	-59.6774094715	-12.9965279455	-61.8514421491
376	-12.9965279455	-61.8514421491	-13.0458545973	-64.2880891122
377	-13.0458545973	-64.2880891122	-13.1063779509	-66.5643440080
378	-13.1063779509	-66.5643440080	-13.1770721119	-68.2472103685
379	-13.1770721119	-68.2472103685	-13.2547667215	-69.1989211758
380	-13.2547667215	-69.1989211758	-13.3356659930	-69.5991326575
381	-13.3356659930	-69.5991326575	-13.4169483364	-69.6975592850
382	-13.4169483364	-69.6975592850	-13.4970971661	-69.6584165621
383	-13.4970971661	-69.6584165621	-13.5754473056	-69.5616022889
384	-13.5754473056	-69.5616022889	-13.6517463709	-69.4415059079
385	-13.6517463709	-69.4415059079	-13.7259189730	-69.3123793662
386	-13.7259189730	-69.3123793662	-13.7979624904	-69.1801198880
387	-13.7979624904	-69.1801198880	-13.8679038400	-69.0471973289
388	-13.8679038400	-69.0471973289	-13.9357817499	-68.9146617743
389	-13.9357817499	-68.9146617743	-14.0016394238	-68.7829645973
390	-14.0016394238	-68.7829645973	-14.0655214583	-68.6522994083
391	-14.0655214583	-68.6522994083	-14.1274725262	-68.5227464296
392	-14.1274725262	-68.5227464296	-14.1875368078	-68.3943349213
393	-14.1875368078	-68.3943349213	-14.2457577462	-68.2670707469
394	-14.2457577462	-68.2670707469	-14.3021779450	-68.1409488007
395	-14.3021779450	-68.1409488007	-14.3568391301	-68.0159587208
396	-14.3568391301	-68.0159587208	-14.4097821411	-67.8920875663
397	-14.4097821411	-67.8920875663	-14.4610469362	-67.7693210922
398	-14.4610469362	-67.7693210922	-14.5106726029	-67.6476443652
399	-14.5106726029	-67.6476443652	-14.5586973727	-67.5270420619
400	-14.5586973727	-67.5270420619	-14.6051586355	-67.4074986135
401	-14.6051586355	-67.4074986135	-14.6500929559	-67.2889982723
402	-14.6500929559	-67.2889982723	-14.6935360881	-67.1715251384
403	-14.6935360881	-67.1715251384	-14.7355229920	-67.0550631655
404	-14.7355229920	-67.0550631655	-14.7760878480	-66.9395961558
405	-14.7760878480	-66.9395961558	-14.8152640718	-66.8251077467
406	-14.8152640718	-66.8251077467	-14.8530843291	-66.7115813940
407	-14.8530843291	-66.7115813940	-14.8895805495	-66.5990003513
408	-14.8895805495	-66.5990003513	-14.9247839403	-66.4873476466
409	-14.9247839403	-66.4873476466	-14.9587249997	-66.3766060561
410	-14.9587249997	-66.3766060561	-14.9914335300	-66.2667580758
411	-14.9914335300	-66.2667580758	-15.0229386498	-66.1577858897
412	-15.0229386498	-66.1577858897	-15.0532688062	-66.0496713353
413	-15.0532688062	-66.0496713353	-15.0824517868	-65.9423958655
414	-15.0824517868	-65.9423958655	-15.1105147304	-65.8359405069
415	-15.1105147304	-65.8359405069	-15.1374841383	-65.7302858139
416	-15.1374841383	-65.7302858139	-15.1633858846	-65.6254118180
417	-15.1633858846	-65.6254118180	-15.1882452260	-65.5212979721
418	-15.1882452260	-65.5212979721	-15.2120868114	-65.4179230886
419	-15.2120868114	-65.4179230886	-15.2349346906	-65.3152652712
420	-15.2349346906	-65.3152652712	-15.2568123231	-65.2133018388
421	-15.2568123231	-65.2133018388	-15.2777425858	-65.1120092409
422	-15.2777425858	-65.1120092409	-15.2977477803	-65.0113629641
423	-15.2977477803	-65.0113629641	-15.3168496395	-64.9113374263
424	-15.3168496395	-64.9113374263	-15.3350693339	-64.8119058594
425	-15.3350693339	-64.8119058594	-15.3524274765	-64.7130401774
426	-15.3524274765	-64.7130401774	-15.3689441279	-64.6147108278
427	-15.3689441279	-64.6147108278	-15.3846387994	-64.5168866245
428	-15.3846387994	-64.5168866245	-15.3995304566	-64.4195345588
429	-15.3995304566	-64.4195345588	-15.4136375202	-64.3226195854
430	-15.4136375202	-64.3226195854	-15.4269778678	-64.2261043790
431	-15.4269778678	-64.2261043790	-15.4395688323	-64.1299490581
432	-15.4395688323	-64.1299490581	-15.4514272009	-64.0341108685
433	-15.4514272009	-64.0341108685	-15.4625692113	-63.9385438213
434	-15.4625692113	-63.9385438213	-15.4730105462	-63.8431982770
435	-15.4730105462	-63.8431982770	-15.4827663266	-63.7480204664
436	-15.4827663266	-63.7480204664	-15.4918511024	-63.6529519364
437	-15.4918511024	-63.6529519364	-15.5002788400	-63.5579289073
438	-15.5002788400	-63.5579289073	-15.5080629078	-63.4628815243
439	-15.5080629078	-63.4628815243	-15.5152160573	-63.3677329833
440	-15.5152160573	-63.3677329833	-15.5217504010	-63.2723985049
441	-15.5217504010	-63.2723985049	-15.5276773855	-63.1767841258
442	-15.5276773855	-63.1767841258	-15.5330077584	-63.0807852702
443	-15.5330077584	-63.0807852702	-15.5377515296	-62.9842850505
444	-15.5377515296	-62.9842850505	-15.5419179243	-62.8871522405
445	-15.5419179243	-62.8871522405	-15.5455153270	-62.7892388419
446	-15.5455153270	-62.7892388419	-15.5485512147	-62.6903771506
447	-15.5485512147	-62.6903771506	-15.5510320761	-62.5903761976
448	-15.5510320761	-62.5903761976	-15.5529633156	-62.4890174071
449	-15.5529633156	-62.4890174071	-15.5543491363	-62.3860492669
450	-15.5543491363	-62.3860492669	-15.5551923999	-62.2811807397
451	-15.5551923999	-62.2811807397	-15.5554944556	-62.1740730651
452	-15.5554944556	-62.1740730651	-15.5552549318	-62.0643294748
453	-15.5552549318	-62.0643294748	-15.5544714806	-61.9514821907
454	-15.5544714806	-61.9514821907	-15.5531394619	-61.8349758386
455	-15.5531394619	-61.8349758386	-15.5512515519	-61.7141460913
456	-15.5512515519	-61.7141460913	-15.5487972513	-61.5881918847
457	-15.5487972513	-61.5881918847	-15.5457622657	-61.4561388719
458	-15.5457622657	-61.4561388719	-15.5421277147	-61.3167907640
459	-15.5421277147	-61.3167907640	-15.5378691143	-61.1686636854
460	-15.5378691143	-61.1686636854	-15.5329550504	-61.0098963159
461	-15.5329550504	-61.0098963159	-15.5273454310	-60.8381249059
462	-15.5273454310	-60.8381249059	-15.5209891469	-60.6503063218
463	-15.5209891469	-60.6503063218	-15.5138208956	-60.4424625067
464	-15.5138208956	-60.4424625067	-15.5057567902	-60.2093031897
465	-15.5057567902	-60.2093031897	-15.4966881703	-59.9436547245
466	-15.4966881703	-59.9436547245	-15.4864726805	-59.6355705075
467	-15.4864726805	-59.6355705075	-15.4749210795	-59.2708995742
468	-15.4749210795	-59.2708995742	-15.4617771557	-58.8288949123
469	-15.4617771557	-58.8288949123	-15.4466860872	-58.2780372540
470	-15.4466860872	-58.2780372540	-15.4291425517	-57.5683523897
471	-15.4291425517	-57.5683523897	-15.4084014626	-56.6163639119
472	-15.4084014626	-56.6163639119	-15.3833152529	-55.2732755045
473	-15.3833152529	-55.2732755045	-15.3520153254	-53.2509383742
474	-15.3520153254	-53.2509383742	-15.3112297108	-49.9271174106
475	-15.3112297108	-49.9271174106	-15.2546407036	-43.7427926355
476	-15.2546407036	-43.7427926355	-15.1682618527	-29.8648388072
477	-15.1682618527	-29.8648388072	-15.0142208097	12.4555728886
478	-15.0142208097	12.4555728886	-14.6516585291	30.0000000000
479	-14.6516585291	30.0000000000	-14.6516585291	-55.0000000000
480	-14.6516585291	-55.0000000000	-14.6336253585	-53.5483414709
481	-14.6336253585	-53.5483414709	-14.6086945587	-51.1594284956
482	-14.6086945587	-51.1594284956	-14.5723178100	-46.8563914551
483	-14.5723178100	-46.8563914551	-14.5151534110	-37.9451741130
484	-14.5151534110	-37.9451741130	-14.4145762134	-14.7624417283
485	-14.4145762134	-14.7624417283	-14.2000968978	30.0000000000
486	-14.2000968978	30.0000000000	-14.2000968978	-55.0000000000
487	-14.2000968978	-55.0000000000	-14.1910949598	-53.9999031022
488	-14.1910949598	-53.9999031022	-14.1772725761	-52.3687422516
489	-14.1772725761	-52.3687422516	-14.1555708359	-49.5357743329
490	-14.1555708359	-49.5357743329	-14.1201382908	-44.1073576111
491	-14.1201382908	-44.1073576111	-14.0582723130	-31.9056475584
492	-14.0582723130	-31.9056475584	-13.9366351046	4.1432008075
493	-13.9366351046	4.1432008075	-13.6371863984	30.0000000000
494	-13.6371863984	30.0000000000	-13.6371863984	-55.0000000000
495	-13.6371863984	-55.0000000000	-13.6394426705	-54.5628136016
496	-13.6394426705	-54.5628136016	-13.6394678851	-53.8534138141
497	-13.6394678851	-53.8534138141	-13.6359455964	-52.6734078223
498	-13.6359455964	-52.6734078223	-13.6265937236	-50.6249856727
499	-13.6265937236	-50.6249856727	-13.6071867775	-46.8077533382
500	-13.6071867775	-46.8077533382	-13.5690818087	-38.8007023489
501	-13.5690818087	-38.8007023489	-13.4917036842	-18.2153521740
502	-13.4917036842	-18.2153521740	-13.3129463714	30.0000000000
503	-13.3129463714	30.0000000000	-13.3129463714	-55.0000000000
504	-13.3129463714	-55.0000000000	-13.3216874440	-54.8870536286
505	-13.3216874440	-54.8870536286	-13.3296889632	-54.6970880864
506	-13.3296889632	-54.6970880864	-13.3365806244	-54.3819817500
507	-13.3365806244	-54.3819817500	-13.3417589207	-53.8593123132
508	-13.3417589207	-53.8593123132	-13.3442203038	-52.9810940445
509	-13.3442203038	-52.9810940445	-13.3422413680	-51.4624909171
510	-13.3422413680	-51.4624909171	-13.3327089952	-48.6971852789
511	-13.3327089952	-48.6971852789	-13.3095407417	-43.1937685148
512	-13.3095407417	-43.1937685148	-13.2593187694	-30.4250048067
513	-13.2593187694	-30.4250048067	-13.1462574181	8.5365266288
514	-13.1462574181	8.5365266288	-12.8406496366	30.0000000000
515	-12.8406496366	30.0000000000	-12.8406496366	-55.0000000000
516	-12.8406496366	-55.0000000000	-12.8588366438	-55.3593503634
517	-12.8588366438	-55.3593503634	-12.8784566628	-55.9109586303
518	-12.8784566628	-55.9109586303	-12.9004423227	-56.7458833206
519	-12.9004423227	-56.7458833206	-12.9261628928	-57.9710466476
520	-12.9261628928	-57.9710466476	-12.9574948682	-59.6744270160
521	-12.9574948682	-59.6744270160	-12.9967171059	-61.8475776403
522	-12.9967171059	-61.8475776403	-13.0460206520	-64.2838343370
523	-13.0460206520	-64.2838343370	-13.1065194107	-66.5605310873
524	-13.1065194107	-66.5605310873	-13.1771916779	-68.2444951682
525	-13.1771916779	-68.2444951682	-13.2548703202	-69.1973345008
526	-13.2548703202	-69.1973345008	-13.3357595863	-69.5982926040
527	-13.3357595863	-69.5982926040	-13.4170358576	-69.6971027021
528	-13.4170358576	-69.6971027021	-13.4971806539	-69.6581353524
529	-13.4971806539	-69.6581353524	-13.5755277176	-69.5613986295
530	-13.5755277176	-69.5613986295	-13.6518241564	-69.4413368877
531	-13.6518241564	-69.4413368877	-13.7259943577	-69.3122264198
532	-13.7259943577	-69.3122264198	-13.7980356026	-69.1799749103
533	-13.7980356026	-69.1799749103	-13.8679747651	-69.0470567156
534	-13.8679747651	-69.0470567156	-13.9358505534	-68.9145238849
535	-13.9358505534	-68.9145238849	-14.0017061618	-68.7828286647
536	-14.0017061618	-68.7828286647	-14.0655861819	-68.6521650617
537	-14.0655861819	-68.6521650617	-14.1275352835	-68.5226134820
538	-14.1275352835	-68.5226134820	-14.1875976453	-68.3942032723
539	-14.1875976453	-68.3942032723	-14.2458167087	-68.2669403384
540	-14.2458167087	-68.2669403384	-14.3022350763	-68.1408195950
541	-14.3022350763	-68.1408195950	-14.3568944727	-68.0158306906
542	-14.3568944727	-68.0158306906	-14.4098357367	-67.8919606896
543	-14.4098357367	-67.8919606896	-14.4610988254	-67.7691953498
544	-14.4610988254	-67.7691953498	-14.5107228257	-67.6475197390
545	-14.5107228257	-67.6475197390	-14.5587459678	-67.5269185348
546	-14.5587459678	-67.5269185348	-14.6052056412	-67.4073761687
547	-14.6052056412	-67.4073761687	-14.6501384092	-67.2888768931
548	-14.6501384092	-67.2888768931	-14.6935800255	-67.1714048081
549	-14.6935800255	-67.1714048081	-14.7355654490	-67.0549438674
550	-14.7355654490	-67.0549438674	-14.7761288593	-66.9394778730
551	-14.7761288593	-66.9394778730	-14.8153036715	-66.8249904623
552	-14.8153036715	-66.8249904623	-14.8531225504	-66.7114650908
553	-14.8531225504	-66.7114650908	-14.8896174248	-66.5988850119
554	-14.8896174248	-66.5988850119	-14.9248195014	-66.4872332535
555	-14.9248195014	-66.4872332535	-14.9587592777	-66.3764925913
556	-14.9587592777	-66.3764925913	-14.9914665551	-66.2666455213
557	-14.9914665551	-66.2666455213	-15.0229704516	-66.1576742269
558	-15.0229704516	-66.1576742269	-15.0532994137	-66.0495605453
559	-15.0532994137	-66.0495605453	-15.0824812281	-65.9422859291
560	-15.0824812281	-65.9422859291	-15.1105430332	-65.8358314043
561	-15.1105430332	-65.8358314043	-15.1375113296	-65.7301775247
562	-15.1375113296	-65.7301775247	-15.1634119906	-65.6253043215
563	-15.1634119906	-65.6253043215	-15.1882702724	-65.5211912469
564	-15.1882702724	-65.5211912469	-15.2121108232	-65.4178171125
565	-15.2121108232	-65.4178171125	-15.2349576923	-65.3151600212
566	-15.2349576923	-65.3151600212	-15.2568343385	-65.2131972911
567	-15.2568343385	-65.2131972911	-15.2777636382	-65.1119053710
568	-15.2777636382	-65.1119053710	-15.2977678923	-65.0112597461
569	-15.2977678923	-65.0112597461	-15.3168688332	-64.9112348333
570	-15.3168688332	-64.9112348333	-15.3350876307	-64.8118038632
571	-15.3350876307	-64.8118038632	-15.3524448974	-64.7129387485
572	-15.3524448974	-64.7129387485	-15.3689606932	-64.6146099349
573	-15.3689606932	-64.6146099349	-15.3846545290	-64.5167862346
574	-15.3846545290	-64.5167862346	-15.3995453696	-64.4194346370
575	-15.3995453696	-64.4194346370	-15.4136516354	-64.3225200944
576	-15.4136516354	-64.3225200944	-15.4269912032	-64.2260052792
577	-15.4269912032	-64.2260052792	-15.4395814055	-64.1298503071
578	-15.4395814055	-64.1298503071	-15.4514390289	-64.0340124207
579	-15.4514390289	-64.0340124207	-15.4625803104	-63.9384456275
580	-15.4625803104	-63.9384456275	-15.4730209324	-63.8431002841
581	-15.4730209324	-63.8431002841	-15.4827760151	-63.7479226168
582	-15.4827760151	-63.7479226168	-15.4918601079	-63.6528541674
583	-15.4918601079	-63.6528541674	-15.5002871766	-63.5578311502
584	-15.5002871766	-63.5578311502	-15.5080705888	-63.4627837039
585	-15.5080705888	-63.4627837039	-15.5152230956	-63.3676350167
586	-15.5152230956	-63.3676350167	-15.5217568087	-63.2723003002
587	-15.5217568087	-63.2723003002	-15.5276831741	-63.1766855814
588	-15.5276831741	-63.1766855814	-15.5330129385	-63.0806862723
589	-15.5330129385	-63.0806862723	-15.5377561111	-62.9841854719
590	-15.5377561111	-62.9841854719	-15.5419219162	-62.8870519380
591	-15.5419219162	-62.8870519380	-15.5455187376	-62.7891376537
592	-15.5455187376	-62.7891376537	-15.5485540511	-62.6902748928
593	-15.5485540511	-62.6902748928	-15.5510343445	-62.5902726603
594	-15.5510343445	-62.5902726603	-15.5529650209	-62.4889123496
595	-15.5529650209	-62.4889123496	-15.5543502823	-62.3859424112
596	-15.5543502823	-62.3859424112	-15.5551929887	-62.2810717636
597	-15.5551929887	-62.2810717636	-15.5554944877	-62.1739615920
598	-15.5554944877	-62.1739615920	-15.5552544059	-62.0642150625
599	-15.5552544059	-62.0642150625	-15.5544703931	-61.9513643161
600	-15.5544703931	-61.9513643161	-15.5531378069	-61.8348538784
601	-15.5531378069	-61.8348538784	-15.5512493201	-61.7140192971
602	-15.5512493201	-61.7140192971	-15.5487944302	-61.5880593504
603	-15.5487944302	-61.5880593504	-15.5457588383	-61.4559994902
604	-15.5457588383	-61.4559994902	-15.5421236590	-61.3166431693
605	-15.5421236590	-61.3166431693	-15.5378644017	-61.1685061747
606	-15.5378644017	-61.1685061747	-15.5329496445	-61.0097267408
607	-15.5329496445	-61.0097267408	-15.5273392853	-60.8379405208
608	-15.5273392853	-60.8379405208	-15.5209822022	-60.6501035669
609	-15.5209822022	-60.6501035669	-15.5138130760	-60.4422366922
610	-15.5138130760	-60.4422366922	-15.5057479980	-60.2090480229
611	-15.5057479980	-60.2090480229	-15.4966782781	-59.9433615865
612	-15.4966782781	-59.9433615865	-15.4864615205	-59.6352273093
613	-15.4864615205	-59.6352273093	-15.4749084266	-59.2704888860
614	-15.4749084266	-59.2704888860	-15.4617627025	-58.8283907780
615	-15.4617627025	-58.8283907780	-15.4466694024	-58.2773995043
616	-15.4466694024	-58.2773995043	-15.4291230118	-57.5675159040
617	-15.4291230118	-57.5675159040	-15.4083781311	-56.6152169179
618	-15.4083781311	-56.6152169179	-15.3832866531	-55.2716119098
619	-15.3832866531	-55.2716119098	-15.3519789796	-53.2483414815
620	-15.3519789796	-53.2483414815	-15.3111811074	-49.9226350881
621	-15.3111811074	-49.9226350881	-15.2545706607	-43.7338496557
622	-15.2545706607	-43.7338496557	-15.1681484958	-29.8425430451
623	-15.1681484958	-29.8425430451	-15.0139982411	12.5359852410
624	-15.0139982411	12.5359852410	-14.6510383500	30.0000000000
625	-14.6510383500	30.0000000000	-14.6510383500	-55.0000000000
626	-14.6510383500	-55.0000000000	-14.6330175830	-53.5489616500
627	-14.6330175830	-53.5489616500	-14.6081020396	-51.1611005652
628	-14.6081020396	-51.1611005652	-14.5717455017	-46.8601729098
629	-14.5717455017	-46.8601729098	-14.5146114562	-37.9542597518
630	-14.5146114562	-37.9542597518	-14.4140905258	-14.7899137222
631	-14.4140905258	-14.7899137222	-14.1997582839	30.0000000000
632	-14.1997582839	30.0000000000	-14.1997582839	-55.0000000000
633	-14.1997582839	-55.0000000000	-14.1907631182	-54.0002417161
634	-14.1907631182	-54.0002417161	-14.1769490644	-52.3696429625
635	-14.1769490644	-52.3696429625	-14.1552582980	-49.5377285497
636	-14.1552582980	-49.5377285497	-14.1198417748	-44.1116510057
637	-14.1198417748	-44.1116510057	-14.0580031943	-31.9165540816
638	-14.0580031943	-31.9165540816	-13.9364259008	4.1053356824
639	-13.9364259008	4.1053356824	-13.6371707044	30.0000000000
640	-13.6371707044	30.0000000000	-13.6371707044	-55.0000000000
641	-13.6371707044	-55.0000000000	-13.6394272903	-54.5628292956
642	-13.6394272903	-54.5628292956	-13.6394528910	-53.8534548537
643	-13.6394528910	-53.8534548537	-13.6359311074	-52.6734922441
644	-13.6359311074	-52.6734922441	-13.6265799465	-50.6251509495
645	-13.6265799465	-50.6251509495	-13.6071741023	-46.8080894042
646	-13.6071741023	-46.8080894042	-13.5690710673	-38.8014729760
647	-13.5690710673	-38.8014729760	-13.4916970108	-18.2175945845
648	-13.4916970108	-18.2175945845	-13.3129510435	30.0000000000
649	-13.3129510435	30.0000000000	-13.3129510435	-55.0000000000
650	-13.3129510435	-55.0000000000	-13.3216920227	-54.8870489565
651	-13.3216920227	-54.8870489565	-13.3296934270	-54.6970759902
652	-13.3296934270	-54.6970759902	-13.3365849384	-54.3819576391
653	-13.3365849384	-54.3819576391	-13.3417630278	-53.8592682298
654	-13.3417630278	-53.8592682298	-13.3442241084	-52.9810153809
655	-13.3442241084	-52.9810153809	-13.3422447031	-51.4623485454
656	-13.3422447031	-51.4623485454	-13.3327115518	-48.6969138569
657	-13.3327115518	-48.6969138569	-13.3095418901	-43.1931948221
658	-13.3095418901	-43.1931948221	-13.2593170264	-30.4235438849
659	-13.2593170264	-30.4235438849	-13.1462484053	8.5417346178
660	-13.1462484053	8.5417346178	-12.8406147641	30.0000000000
661	-12.8406147641	30.0000000000	-12.8406147641	-55.0000000000
662	-12.8406147641	-55.0000000000	-12.8588024688	-55.3593852359
663	-12.8588024688	-55.3593852359	-12.8784233456	-55.9110475988
664	-12.8784233456	-55.9110475988	-12.9004101167	-56.7460525034
665	-12.9004101167	-56.7460525034	-12.9261321769	-57.9713259149
666	-12.9261321769	-57.9713259149	-12.9574661629	-59.6748381793
667	-12.9574661629	-59.6748381793	-12.9966910305	-61.8481104439
668	-12.9966910305	-61.8481104439	-13.0459977621	-64.2844210136
669	-13.0459977621	-64.2844210136	-13.1064999120	-66.5610569173
670	-13.1064999120	-66.5610569173	-13.1771751983	-68.2448696739
671	-13.1771751983	-68.2448696739	-13.2548560427	-69.1975533728
672	-13.2548560427	-69.1975533728	-13.3357466887	-69.5984084828
673	-13.3357466887	-69.5984084828	-13.4170237974	-69.6971656745
674	-13.4170237974	-69.6971656745	-13.4971691498	-69.6581741273
675	-13.4971691498	-69.6581741273	-13.5755166374	-69.5614267040
676	-13.5755166374	-69.5614267040	-13.6518134382	-69.4413601827
677	-13.6518134382	-69.4413601827	-13.7259839704	-69.3122474971
678	-13.7259839704	-69.3122474971	-13.7980255284	-69.1799948883
679	-13.7980255284	-69.1799948883	-13.8679649923	-69.0470760915
680	-13.8679649923	-69.0470760915	-13.9358410729	-68.9145428853
681	-13.9358410729	-68.9145428853	-14.0016969659	-68.7828473953
682	-14.0016969659	-68.7828473953	-14.0655772635	-68.6521835737
683	-14.0655772635	-68.6521835737	-14.1275266361	-68.5226318012
684	-14.1275266361	-68.5226318012	-14.1875892624	-68.3942214125
685	-14.1875892624	-68.3942214125	-14.2458085842	-68.2669583077
686	-14.2458085842	-68.2669583077	-14.3022272041	-68.1408373986
687	-14.3022272041	-68.1408373986	-14.3568868470	-68.0158483322
688	-14.3568868470	-68.0158483322	-14.4098283517	-67.8919781722
689	-14.4098283517	-67.8919781722	-14.4610916756	-67.7692126761
690	-14.4610916756	-67.7692126761	-14.5107159054	-67.6475369115
691	-14.5107159054	-67.6475369115	-14.5587392719	-67.5269355559
692	-14.5587392719	-67.5269355559	-14.6051991642	-67.4073930407
693	-14.6051991642	-67.4073930407	-14.6501321461	-67.2888936182
694	-14.6501321461	-67.2888936182	-14.6935739713	-67.1714213886
695	-14.6935739713	-67.1714213886	-14.7355595988	-67.0549603057
696	-14.7355595988	-67.0549603057	-14.7761232084	-66.9394941714
697	-14.7761232084	-66.9394941714	-14.8152982151	-66.8250066231
698	-14.8152982151	-66.8250066231	-14.8531172839	-66.7114811165
699	-14.8531172839	-66.7114811165	-14.8896123438	-66.5989009048
700	-14.8896123438	-66.5989009048	-14.9248146014	-66.4872490159
701	-14.9248146014	-66.4872490159	-14.9587545545	-66.3765082259
702	-14.9587545545	-66.3765082259	-14.9914620045	-66.2666610304
703	-14.9914620045	-66.2666610304	-15.0229660696	-66.1576896132
704	-15.0229660696	-66.1576896132	-15.0532951963	-66.0495758113
705	-15.0532951963	-66.0495758113	-15.0824771714	-65.9423010775
706	-15.0824771714	-65.9423010775	-15.1105391333	-65.8358464378
707	-15.1105391333	-65.8358464378	-15.1375075829	-65.7301924462
708	-15.1375075829	-65.7301924462	-15.1634083934	-65.6253191337
709	-15.1634083934	-65.6253191337	-15.1882668212	-65.5212059528
710	-15.1882668212	-65.5212059528	-15.2121075146	-65.4178317152
711	-15.2121075146	-65.4178317152	-15.2349545229	-65.3151745239
712	-15.2349545229	-65.3151745239	-15.2568313050	-65.2132116970
713	-15.2568313050	-65.2132116970	-15.2777607374	-65.1119196835
714	-15.2777607374	-65.1119196835	-15.2977651211	-65.0112739687
715	-15.2977651211	-65.0112739687	-15.3168661885	-64.9112489698
716	-15.3168661885	-64.9112489698	-15.3350851096	-64.8118179175
717	-15.3350851096	-64.8118179175	-15.3524424970	-64.7129527246
718	-15.3524424970	-64.7129527246	-15.3689584107	-64.6146238372
719	-15.3689584107	-64.6146238372	-15.3846523616	-64.5168000676
720	-15.3846523616	-64.5168000676	-15.3995433147	-64.4194484055
721	-15.3995433147	-64.4194484055	-15.4136496905	-64.3225338035
722	-15.4136496905	-64.3225338035	-15.4269893657	-64.2260189344
723	-15.4269893657	-64.2260189344	-15.4395796730	-64.1298639143
724	-15.4395796730	-64.1298639143	-15.4514373991	-64.0340259861
725	-15.4514373991	-64.0340259861	-15.4625787811	-63.9384591579
726	-15.4625787811	-63.9384591579	-15.4730195013	-63.8431137868
727	-15.4730195013	-63.8431137868	-15.4827746802	-63.7479360998
728	-15.4827746802	-63.7479360998	-15.4918588671	-63.6528676392
729	-15.4918588671	-63.6528676392	-15.5002860279	-63.5578446204
730	-15.5002860279	-63.5578446204	-15.5080695305	-63.4627971829
731	-15.5080695305	-63.4627971829	-15.5152221258	-63.3676485158
732	-15.5152221258	-63.3676485158	-15.5217559258	-63.2723138321
733	-15.5217559258	-63.2723138321	-15.5276823765	-63.1766991601
734	-15.5276823765	-63.1766991601	-15.5330122247	-63.0806999135
735	-15.5330122247	-63.0806999135	-15.5377554798	-62.9841991932
736	-15.5377554798	-62.9841991932	-15.5419213662	-62.8870657590
737	-15.5419213662	-62.8870657590	-15.5455182677	-62.7891515967
738	-15.5455182677	-62.7891515967	-15.5485536603	-62.6902889832
739	-15.5485536603	-62.6902889832	-15.5510340320	-62.5902869270
740	-15.5510340320	-62.5902869270	-15.5529647860	-62.4889268259
741	-15.5529647860	-62.4889268259	-15.5543501244	-62.3859571353
742	-15.5543501244	-62.3859571353	-15.5551929076	-62.2810867799
743	-15.5551929076	-62.2810867799	-15.5554944833	-62.1739769524
744	-15.5554944833	-62.1739769524	-15.5552544784	-62.0642308279
745	-15.5552544784	-62.0642308279	-15.5544705430	-61.9513805586
746	-15.5544705430	-61.9513805586	-15.5531380349	-61.8348706839
747	-15.5531380349	-61.8348706839	-15.5512496277	-61.7140367687
748	-15.5512496277	-61.7140367687	-15.5487948190	-61.5880776130
749	-15.5487948190	-61.5880776130	-15.5457593106	-61.4560186965
750	-15.5457593106	-61.4560186965	-15.5421242179	-61.3166635073
751	-15.5421242179	-61.3166635073	-15.5378650511	-61.1685278792
752	-15.5378650511	-61.1685278792	-15.5329503895	-61.0097501078
753	-15.5329503895	-61.0097501078	-15.5273401322	-60.8379659287
754	-15.5273401322	-60.8379659287	-15.5209831592	-60.6501315063
755	-15.5209831592	-60.6501315063	-15.5138141536	-60.4422678094
756	-15.5138141536	-60.4422678094	-15.5057492095	-60.2090831851
757	-15.5057492095	-60.2090831851	-15.4966796413	-59.9434019814
758	-15.4966796413	-59.9434019814	-15.4864630584	-59.6352746030
759	-15.4864630584	-59.6352746030	-15.4749101702	-59.2705454807
760	-15.4749101702	-59.2705454807	-15.4617646942	-58.8284602508
761	-15.4617646942	-58.8284602508	-15.4466717016	-58.2774873914
762	-15.4466717016	-58.2774873914	-15.4291257045	-57.5676311806
763	-15.4291257045	-57.5676311806	-15.4083813463	-56.6153749893
764	-15.4083813463	-56.6153749893	-15.3832905943	-55.2718411823
765	-15.3832905943	-55.2718411823	-15.3519839884	-53.2486993922
766	-15.3519839884	-53.2486993922	-15.3111878055	-49.9232528865
767	-15.3111878055	-49.9232528865	-15.2545803139	-43.7350823626
768	-15.2545803139	-43.7350823626	-15.1681641194	-29.8456166912
769	-15.1681641194	-29.8456166912	-15.0140289205	12.5248973994
770	-15.0140289205	12.5248973994	-14.6511238551	30.0000000000
771	-14.6511238551	30.0000000000	-14.6511238551	-55.0000000000
772	-14.6511238551	-55.0000000000	-14.6331013780	-53.5488761449
773	-14.6331013780	-53.5488761449	-14.6081837311	-51.1608700362
774	-14.6081837311	-51.1608700362	-14.5718244067	-46.8596515717
775	-14.5718244067	-46.8596515717	-14.5146861764	-37.9530072066
776	-14.5146861764	-37.9530072066	-14.4141574889	-14.7861268223
777	-14.4141574889	-14.7861268223	-14.1998049732	30.0000000000
778	-14.1998049732	30.0000000000	-14.1998049732	-55.0000000000
779	-14.1998049732	-55.0000000000	-14.1908088738	-54.0001950268
780	-14.1908088738	-54.0001950268	-14.1769936714	-52.3695187696
781	-14.1769936714	-52.3695187696	-14.1553013919	-49.5374590998
782	-14.1553013919	-49.5374590998	-14.1198826595	-44.1110590444
783	-14.1198826595	-44.1110590444	-14.0580403016	-31.9150504062
784	-14.0580403016	-31.9150504062	-13.9364547476	4.1105555614
785	-13.9364547476	4.1105555614	-13.6371728748	30.0000000000
786	-13.6371728748	30.0000000000	-13.6371728748	-55.0000000000
787	-13.6371728748	-55.0000000000	-13.6394294173	-54.5628271252
788	-13.6394294173	-54.5628271252	-13.6394549646	-53.8534491781
789	-13.6394549646	-53.8534491781	-13.6359331112	-52.6734805689
790	-13.6359331112	-52.6734805689	-13.6265818518	-50.6251280926
791	-13.6265818518	-50.6251280926	-13.6071758552	-46.8080429281
792	-13.6071758552	-46.8080429281	-13.5690725528	-38.8013664030
793	-13.5690725528	-38.8013664030	-13.4916979337	-18.2172844755
794	-13.4916979337	-18.2172844755	-13.3129503974	30.0000000000
795	-13.3129503974	30.0000000000	-13.3129503974	-55.0000000000
796	-13.3129503974	-55.0000000000	-13.3216913895	-54.8870496026
797	-13.3216913895	-54.8870496026	-13.3296928097	-54.6970776629
798	-13.3296928097	-54.6970776629	-13.3365843418	-54.3819609733
799	-13.3365843418	-54.3819609733	-13.3417624599	-53.8592743260
800	-13.3417624599	-53.8592743260	-13.3442235823	-52.9810262591
801	-13.3442235823	-52.9810262591	-13.3422442419	-51.4623682337
802	-13.3422442419	-51.4623682337	-13.3327111983	-48.6969513914
803	-13.3327111983	-48.6969513914	-13.3095417313	-43.1932741574
804	-13.3095417313	-43.1932741574	-13.2593172674	-30.4237459158
805	-13.2593172674	-30.4237459158	-13.1462496516	8.5410143946
806	-13.1462496516	8.5410143946	-12.8406195866	30.0000000000
807	-12.8406195866	30.0000000000	-12.8406195866	-55.0000000000
808	-12.8406195866	-55.0000000000	-12.8588071949	-55.3593804134
809	-12.8588071949	-55.3593804134	-12.8784279531	-55.9110352952
810	-12.8784279531	-55.9110352952	-12.9004145705	-56.7460291069
811	-12.9004145705	-56.7460291069	-12.9261364246	-57.9712872948
812	-12.9261364246	-57.9712872948	-12.9574701326	-59.6747813196
813	-12.9574701326	-59.6747813196	-12.9966946365	-61.8480367633
814	-12.9966946365	-61.8480367633	-13.0460009276	-64.2843398843
815	-13.0460009276	-64.2843398843	-13.1065026085	-66.5609842037
816	-13.1065026085	-66.5609842037	-13.1771774773	-68.2448178871
817	-13.1771774773	-68.2448178871	-13.2548580172	-69.1975231075
818	-13.2548580172	-69.1975231075	-13.3357484724	-69.5983924593
819	-13.3357484724	-69.5983924593	-13.4170254653	-69.6971569666
820	-13.4170254653	-69.6971569666	-13.4971707408	-69.6581687652
821	-13.4971707408	-69.6581687652	-13.5755181698	-69.5614228216
822	-13.5755181698	-69.5614228216	-13.6518149205	-69.4413569612
823	-13.6518149205	-69.4413569612	-13.7259854069	-69.3122445821
824	-13.7259854069	-69.3122445821	-13.7980269217	-69.1799921253
825	-13.7980269217	-69.1799921253	-13.8679663439	-69.0470734119
826	-13.8679663439	-69.0470734119	-13.9358423841	-68.9145402576
827	-13.9358423841	-68.9145402576	-14.0016982377	-68.7828448049
828	-14.0016982377	-68.7828448049	-14.0655784969	-68.6521810135
829	-14.0655784969	-68.6521810135	-14.1275278321	-68.5226292676
830	-14.1275278321	-68.5226292676	-14.1875904218	-68.3942189037
831	-14.1875904218	-68.3942189037	-14.2458097079	-68.2669558226
832	-14.2458097079	-68.2669558226	-14.3022282928	-68.1408349363
833	-14.3022282928	-68.1408349363	-14.3568879016	-68.0158458924
834	-14.3568879016	-68.0158458924	-14.4098293731	-67.8919757544
835	-14.4098293731	-67.8919757544	-14.4610926644	-67.7692102799
836	-14.4610926644	-67.7692102799	-14.5107168625	-67.6475345366
837	-14.5107168625	-67.6475345366	-14.5587401979	-67.5269332019
838	-14.5587401979	-67.5269332019	-14.6052000600	-67.4073907073
839	-14.6052000600	-67.4073907073	-14.6501330123	-67.2888913052
840	-14.6501330123	-67.2888913052	-14.6935748086	-67.1714190956
841	-14.6935748086	-67.1714190956	-14.7355604079	-67.0549580323
842	-14.7355604079	-67.0549580323	-14.7761239899	-66.9394919174
843	-14.7761239899	-66.9394919174	-14.8152989697	-66.8250043881
844	-14.8152989697	-66.8250043881	-14.8531180122	-66.7114789001
845	-14.8531180122	-66.7114789001	-14.8896130465	-66.5988987068
846	-14.8896130465	-66.5988987068	-14.9248152791	-66.4872468360
847	-14.9248152791	-66.4872468360	-14.9587552077	-66.3765060637
848	-14.9587552077	-66.3765060637	-14.9914626339	-66.2666588855
849	-14.9914626339	-66.2666588855	-15.0229666756	-66.1576874853
850	-15.0229666756	-66.1576874853	-15.0532957795	-66.0495737001
851	-15.0532957795	-66.0495737001	-15.0824777324	-65.9422989825
852	-15.0824777324	-65.9422989825	-15.1105396727	-65.8358443586
853	-15.1105396727	-65.8358443586	-15.1375081010	-65.7301903825
854	-15.1375081010	-65.7301903825	-15.1634088909	-65.6253170852
855	-15.1634088909	-65.6253170852	-15.1882672985	-65.5212039190
856	-15.1882672985	-65.5212039190	-15.2121079722	-65.4178296956
857	-15.2121079722	-65.4178296956	-15.2349549612	-65.3151725182
858	-15.2349549612	-65.3151725182	-15.2568317246	-65.2132097047
859	-15.2568317246	-65.2132097047	-15.2777611386	-65.1119177041
860	-15.2777611386	-65.1119177041	-15.2977655043	-65.0112720018
861	-15.2977655043	-65.0112720018	-15.3168665543	-64.9112470147
862	-15.3168665543	-64.9112470147	-15.3350854583	-64.8118159738
863	-15.3350854583	-64.8118159738	-15.3524428290	-64.7129507917
864	-15.3524428290	-64.7129507917	-15.3689587263	-64.6146219145
865	-15.3689587263	-64.6146219145	-15.3846526614	-64.5167981545
866	-15.3846526614	-64.5167981545	-15.3995435989	-64.4194465013
867	-15.3995435989	-64.4194465013	-15.4136499595	-64.3225319075
868	-15.4136499595	-64.3225319075	-15.4269896198	-64.2260170459
869	-15.4269896198	-64.2260170459	-15.4395799126	-64.1298620324
870	-15.4395799126	-64.1298620324	-15.4514376245	-64.0340241100
871	-15.4514376245	-64.0340241100	-15.4625789926	-63.9384572866
872	-15.4625789926	-63.9384572866	-15.4730196992	-63.8431119194
873	-15.4730196992	-63.8431119194	-15.4827748648	-63.7479342351
874	-15.4827748648	-63.7479342351	-15.4918590387	-63.6528657761
875	-15.4918590387	-63.6528657761	-15.5002861868	-63.5578427575
876	-15.5002861868	-63.5578427575	-15.5080696768	-63.4627953187
877	-15.5080696768	-63.4627953187	-15.5152222599	-63.3676466489
878	-15.5152222599	-63.3676466489	-15.5217560479	-63.2723119607
879	-15.5217560479	-63.2723119607	-15.5276824868	-63.1766972822
880	-15.5276824868	-63.1766972822	-15.5330123235	-63.0806980269
881	-15.5330123235	-63.0806980269	-15.5377555671	-62.9841972955
882	-15.5377555671	-62.9841972955	-15.5419214423	-62.8870638476
883	-15.5419214423	-62.8870638476	-15.5455183327	-62.7891496684
884	-15.5455183327	-62.7891496684	-15.5485537143	-62.6902870345
885	-15.5485537143	-62.6902870345	-15.5510340752	-62.5902849540
886	-15.5510340752	-62.5902849540	-15.5529648185	-62.4889248238
887	-15.5529648185	-62.4889248238	-15.5543501462	-62.3859550989
888	-15.5543501462	-62.3859550989	-15.5551929188	-62.2810847031
889	-15.5551929188	-62.2810847031	-15.5554944840	-62.1739748280
890	-15.5554944840	-62.1739748280	-15.5552544684	-62.0642286476
891	-15.5552544684	-62.0642286476	-15.5544705223	-61.9513783123
892	-15.5544705223	-61.9513783123	-15.5531380034	-61.8348683598
893	-15.5531380034	-61.8348683598	-15.5512495851	-61.7140343524
894	-15.5512495851	-61.7140343524	-15.5487947652	-61.5880750873
895	-15.5487947652	-61.5880750873	-15.5457592453	-61.4560160403
896	-15.5457592453	-61.4560160403	-15.5421241406	-61.3166606946
897	-15.5421241406	-61.3166606946	-15.5378649613	-61.1685248775
898	-15.5378649613	-61.1685248775	-15.5329502864	-61.0097468762
899	-15.5329502864	-61.0097468762	-15.5273400151	-60.8379624148
900	-15.5273400151	-60.8379624148	-15.5209830269	-60.6501276424
901	-15.5209830269	-60.6501276424	-15.5138140045	-60.4422635059
902	-15.5138140045	-60.4422635059	-15.5057490420	-60.2090783222
903	-15.5057490420	-60.2090783222	-15.4966794527	-59.9433963949
904	-15.4966794527	-59.9433963949	-15.4864628457	-59.6352680624
905	-15.4864628457	-59.6352680624	-15.4749099291	-59.2705376538
906	-15.4749099291	-59.2705376538	-15.4617644188	-58.8284506429
907	-15.4617644188	-58.8284506429	-15.4466713836	-58.2774752368
908	-15.4466713836	-58.2774752368	-15.4291253321	-57.5676152382
909	-15.4291253321	-57.5676152382	-15.4083809017	-56.6153531286
910	-15.4083809017	-56.6153531286	-15.3832900493	-55.2718094749
911	-15.3832900493	-55.2718094749	-15.3519832957	-53.2486498949
912	-15.3519832957	-53.2486498949	-15.3111868792	-49.9231674485
913	-15.3111868792	-49.9231674485	-15.2545789789	-43.7349118882
914	-15.2545789789	-43.7349118882	-15.1681619587	-29.8451916357
915	-15.1681619587	-29.8451916357	-15.0140246777	12.5264306955
916	-15.0140246777	12.5264306955	-14.6511120307	30.0000000000
917	-14.6511120307	30.0000000000	-14.6511120307	-55.0000000000
918	-14.6511120307	-55.0000000000	-14.6330897901	-53.5488879693
919	-14.6330897901	-53.5488879693	-14.6081724341	-51.1609019157
920	-14.6081724341	-51.1609019157	-14.5718134950	-46.8597236670
921	-14.5718134950	-46.8597236670	-14.5146758435	-37.9531804211
922	-14.5146758435	-37.9531804211	-14.4141482287	-14.7866505202
923	-14.4141482287	-14.7866505202	-14.1997985167	30.0000000000
924	-14.1997985167	30.0000000000	-14.1997985167	-55.0000000000
925	-14.1997985167	-55.0000000000	-14.1908025464	-54.0002014833
926	-14.1908025464	-54.0002014833	-14.1769875029	-52.3695359439
927	-14.1769875029	-52.3695359439	-14.1552954325	-49.5374963613
928	-14.1552954325	-49.5374963613	-14.1198770057	-44.1111409054
929	-14.1198770057	-44.1111409054	-14.0580351701	-31.9152583476
930	-14.0580351701	-31.9152583476	-13.9364507585	4.1098337003
931	-13.9364507585	4.1098337003	-13.6371725748	30.0000000000
932	-13.6371725748	30.0000000000	-13.6371725748	-55.0000000000
933	-13.6371725748	-55.0000000000	-13.6394291233	-54.5628274252
934	-13.6394291233	-54.5628274252	-13.6394546779	-53.8534499627
935	-13.6394546779	-53.8534499627	-13.6359328342	-52.6734821828
936	-13.6359328342	-52.6734821828	-13.6265815884	-50.6251312521
937	-13.6265815884	-50.6251312521	-13.6071756129	-46.8080493525
938	-13.6071756129	-46.8080493525	-13.5690723474	-38.8013811346
939	-13.5690723474	-38.8013811346	-13.4916978062	-18.2173273420
940	-13.4916978062	-18.2173273420	-13.3129504867	30.0000000000
941	-13.3129504867	30.0000000000	-13.3129504867	-55.0000000000
942	-13.3129504867	-55.0000000000	-13.3216914770	-54.8870495133
943	-13.3216914770	-54.8870495133	-13.3296928950	-54.6970774317
944	-13.3296928950	-54.6970774317	-13.3365844243	-54.3819605124
945	-13.3365844243	-54.3819605124	-13.3417625384	-53.8592734833
946	-13.3417625384	-53.8592734833	-13.3442236550	-52.9810247554
947	-13.3442236550	-52.9810247554	-13.3422443057	-51.4623655121
948	-13.3422443057	-51.4623655121	-13.3327112471	-48.6969462029
949	-13.3327112471	-48.6969462029	-13.3095417532	-43.1932631908
950	-13.3095417532	-43.1932631908	-13.2593172341	-30.4237179889
951	-13.2593172341	-30.4237179889	-13.1462494794	8.5411139514
952	-13.1462494794	8.5411139514	-12.8406189200	30.0000000000
953	-12.8406189200	30.0000000000	-12.8406189200	-55.0000000000
954	-12.8406189200	-55.0000000000	-12.8588065416	-55.3593810800
955	-12.8588065416	-55.3593810800	-12.8784273162	-55.9110369959
956	-12.8784273162	-55.9110369959	-12.9004139548	-56.7460323410
957	-12.9004139548	-56.7460323410	-12.9261358374	-57.9712926333
958	-12.9261358374	-57.9712926333	-12.9574695839	-59.6747891793
959	-12.9574695839	-59.6747891793	-12.9966941381	-61.8480469482
960	-12.9966941381	-61.8480469482	-13.0460004901	-64.2843510989
961	-13.0460004901	-64.2843510989	-13.1065022358	-66.5609942550
962	-13.1065022358	-66.5609942550	-13.1771771623	-68.2448250457
963	-13.1771771623	-68.2448250457	-13.2548577443	-69.1975272912
964	-13.2548577443	-69.1975272912	-13.3357482259	-69.5983946742
965	-13.3357482259	-69.5983946742	-13.4170252347	-69.6971581703
966	-13.4170252347	-69.6971581703	-13.4971705209	-69.6581695065
967	-13.4971705209	-69.6581695065	-13.5755179580	-69.5614233582
968	-13.5755179580	-69.5614233582	-13.6518147156	-69.4413574065
969	-13.6518147156	-69.4413574065	-13.7259852083	-69.3122449851
970	-13.7259852083	-69.3122449851	-13.7980267291	-69.1799925073
971	-13.7980267291	-69.1799925073	-13.8679661571	-69.0470737823
972	-13.8679661571	-69.0470737823	-13.9358422028	-68.9145406208
973	-13.9358422028	-68.9145406208	-14.0016980619	-68.7828451629
974	-14.0016980619	-68.7828451629	-14.0655783265	-68.6521813674
975	-14.0655783265	-68.6521813674	-14.1275276668	-68.5226296179
976	-14.1275276668	-68.5226296179	-14.1875902615	-68.3942192505
977	-14.1875902615	-68.3942192505	-14.2458095525	-68.2669561661
978	-14.2458095525	-68.2669561661	-14.3022281423	-68.1408352767
979	-14.3022281423	-68.1408352767	-14.3568877559	-68.0158462296
980	-14.3568877559	-68.0158462296	-14.4098292319	-67.8919760886
981	-14.4098292319	-67.8919760886	-14.4610925277	-67.7692106111
982	-14.4610925277	-67.7692106111	-14.5107167302	-67.6475348649
983	-14.5107167302	-67.6475348649	-14.5587400699	-67.5269335273
984	-14.5587400699	-67.5269335273	-14.6051999362	-67.4073910299
985	-14.6051999362	-67.4073910299	-14.6501328926	-67.2888916249
986	-14.6501328926	-67.2888916249	-14.6935746929	-67.1714194125
987	-14.6935746929	-67.1714194125	-14.7355602961	-67.0549583466
988	-14.7355602961	-67.0549583466	-14.7761238819	-66.9394922290
989	-14.7761238819	-66.9394922290	-14.8152988654	-66.8250046970
990	-14.8152988654	-66.8250046970	-14.8531179116	-66.7114792065
991	-14.8531179116	-66.7114792065	-14.8896129494	-66.5988990107
992	-14.8896129494	-66.5988990107	-14.9248151854	-66.4872471373
993	-14.9248151854	-66.4872471373	-14.9587551174	-66.3765063625
994	-14.9587551174	-66.3765063625	-14.9914625469	-66.2666591820
995	-14.9914625469	-66.2666591820	-15.0229665918	-66.1576877794
996	-15.0229665918	-66.1576877794	-15.0532956989	-66.0495739919
997	-15.0532956989	-66.0495739919	-15.0824776549	-65.9422992720
998	-15.0824776549	-65.9422992720	-15.1105395981	-65.8358446460
999	-15.1105395981	-65.8358446460	-15.1375080294	-65.7301906678
